65620 
65536 1179403647 
65540 65793 
65544 0 
65548 0 
65552 15925250 
65556 1 
65560 65620 
65564 52 
65568 1016 
65572 0 
65576 2097204 
65580 2621441 
65584 393223 
65588 1 
65592 0 
65596 65536 
65600 65536 
65604 536 
65608 536 
65612 5 
65616 4096 
65620 4227924243 
65624 34680355 
65628 42019875 
65632 67175443 
65636 4261684771 
65640 41943151 
65644 4274268035 
65648 2594707 
65652 4278454035 
65656 16189363 
65660 4293920531 
65664 4243040803 
65668 4274268035 
65672 1542035 
65676 4277413411 
65680 4274267907 
65684 7341971 
65688 4243053283 
65692 4261684771 
65696 125829231 
65700 4261683747 
65704 4261684259 
65708 79691887 
65712 4232316819 
65716 493075 
65720 4270073219 
65724 4274267395 
65728 130023663 
65732 329619 
65736 34046563 
65740 4274268035 
65744 2594707 
65748 4278454035 
65752 16189363 
65756 4270073603 
65760 4243040803 
65764 1050515 
65768 4277412387 
65772 4270073731 
65776 1542035 
65780 4277412899 
65784 4270073603 
65788 7341971 
65792 15189603 
65796 4265879427 
65800 4194796771 
65804 4274268035 
65808 1542035 
65812 4277413411 
65816 4274267907 
65820 7341971 
65824 4175942371 
65828 5244819 
65832 492819 
65836 62988419 
65840 58795011 
65844 67174675 
65848 32871 
65852 4244701459 
65856 42018339 
65860 50398227 
65864 4238618147 
65868 4239666211 
65872 4240714275 
65876 4261684771 
65880 167772271 
65884 4274267907 
65888 4257490819 
65892 150406243 
65896 4274268035 
65900 2594707 
65904 4249102083 
65908 16189363 
65912 501507 
65916 4293920659 
65920 116852323 
65924 4274268035 
65928 2594707 
65932 4249102083 
65936 16189363 
65940 501635 
65944 4253296387 
65948 1089931059 
65952 1106728851 
65956 15189811 
65960 1089931059 
65964 4274267779 
65968 4257490819 
65972 1089898419 
65976 1106761363 
65980 16172979 
65984 1087866803 
65988 49741923 
65992 4274268035 
65996 2594707 
66000 4249102083 
66004 16189363 
66008 501635 
66012 4253296387 
66016 16193123 
66020 1939 
66024 33554543 
66028 4274268035 
66032 1542035 
66036 4277413411 
66040 4274267907 
66044 7341971 
66048 4108836579 
66052 1050515 
66056 492819 
66060 46212099 
66064 50397459 
66068 32871 
